0,0	0.0149762951509998
0,1	6.189181657779734E-4
0,2	0.0015158650083771522
0,3	0.0015924307477480433
0,4	4.943268263661972E-4
0,5	7.079283950629892E-4
0,6	1.0896949281768393E-4
0,7	6.133823783499609E-4
0,8	9.393802395410796E-4
0,9	-7.46738697931926E-4
0,10	9.162802058489829E-4
0,11	2.596435349955009E-4
0,12	4.570467385788341E-4
0,13	0.0011115499694712443
0,14	4.296253261351722E-4
0,15	-5.506313978249219E-4
1,1	0.00561266259742234
1,2	0.0010768526214616591
1,3	0.0013010088833114242
1,4	6.495609833661974E-4
1,5	0.0010250931311122848
1,6	5.006631855500782E-4
1,7	0.0010050935237408062
1,8	8.617938597875588E-4
1,9	3.698609407159626E-4
1,10	5.476747389616586E-4
1,11	8.271555875835289E-4
1,12	6.371704407232005E-4
1,13	0.001720205229087441
1,14	-2.4544224191764473E-4
1,15	-2.499534067932316E-4
2,2	0.0038634331506541488
2,3	0.0011950274752503915
2,4	6.196457154647888E-4
2,5	5.338961230782471E-4
2,6	7.922310997026603E-4
2,7	8.952364883599373E-4
2,8	7.611131493615022E-4
2,9	0.0015670418110610327
2,10	8.990699902456963E-4
2,11	7.958977125759E-4
2,12	0.0017221187477965572
2,13	0.002446950776004695
2,14	1.649721702050078E-4
2,15	4.492574961815325E-5
3,3	0.003431870377170578
3,4	0.0010622299901549292
3,5	0.0013132316506087637
3,6	0.0012864004202754302
3,7	0.001934393186622848
3,8	0.0014466041411079814
3,9	0.0018364338674694836
3,10	0.0014819405894757436
3,11	0.0014542576951627542
3,12	0.0027164728112848207
3,13	0.0018196586807230056
3,14	4.084970440172142E-4
3,15	8.972421867120501E-4
4,4	0.0031550397393802815
4,5	9.917862130281688E-4
4,6	9.972942227323943E-4
4,7	0.001022907148802817
4,8	0.001074355758309859
4,9	8.033501246619721E-4
4,10	0.0010584117542394367
4,11	8.708737649718307E-4
4,12	0.001324244529450704
4,13	0.0012945992599859154
4,14	8.655400202253521E-4
4,15	4.260951776056338E-4
5,5	0.002419001527154147
5,6	0.001293276306607199
5,7	0.0015064391590449923
5,8	0.0012601486834906107
5,9	0.0014612393339671363
5,10	0.0014511381817543035
5,11	0.0016661721079698753
5,12	0.002026598710981612
5,13	0.001575130089357981
5,14	5.175658391647106E-4
5,15	1.3690430348395927E-4
6,6	0.0032124105083348987
6,7	8.770468136142405E-4
6,8	0.0011271618722300467
6,9	0.0017398367890938966
6,10	0.0013915368288998434
6,11	0.0012474490190602502
6,12	0.0011446780413888892
6,13	0.0012315719406079805
6,14	1.606261877269169E-4
6,15	5.876238635250394E-4
7,7	0.006639684643736895
7,8	0.0018416648436420191
7,9	0.002598330070467136
7,10	0.0017440292493388107
7,11	0.0034338948614998028
7,12	0.0028466697933249227
7,13	0.002920089238549882
7,14	0.001729725746050274
7,15	0.001202939160475156
8,8	0.0023748222579084506
8,9	0.001632565498802817
8,10	0.0016172175737699526
8,11	0.0017628585368673708
8,12	0.001685022640634977
8,13	0.0015925249442007043
8,14	0.0010097837513814555
8,15	0.0011894261664237087
9,9	0.01360355253625352
9,10	6.756275843286386E-4
9,11	0.00196779526532629
9,12	0.0021400971175798123
9,13	0.003003092333823944
9,14	6.714562790375596E-5
9,15	0.0014379095402417838
10,10	0.0029027157403161193
10,11	0.0018025019936533644
10,12	0.0023511666916064167
10,13	0.0016793226981244131
10,14	7.028199779444445E-4
10,15	0.001164760055935055
11,11	0.004288736376051447
11,12	0.002874611167186424
11,13	0.0020344172681203043
11,14	0.0012438424231793824
11,15	8.104095264211659E-4
12,12	0.00645672492422985
12,13	0.0025924983756308684
12,14	8.001934283636542E-4
12,15	9.779178378871284E-4
13,13	0.006059166899547535
13,14	1.9753784928579817E-4
13,15	8.753544663069248E-4
14,14	0.003350669843314358
14,15	4.143240385561424E-4
15,15	0.003178190866248631
